{
  "nbformat": 4,
  "nbformat_minor": 0,
  "metadata": {
    "colab": {
      "provenance": []
    },
    "kernelspec": {
      "name": "python3",
      "display_name": "Python 3"
    },
    "language_info": {
      "name": "python"
    }
  },
  "cells": [
    {
      "cell_type": "code",
      "source": [
        "import numpy as np\n",
        "from tabulate import tabulate\n",
        "\n",
        "def generate_matrix(left: float , right: float , n: int, m: int) -> np.ndarray:\n",
        "    return np.random.uniform(left , right , (n, m))\n",
        "\n",
        "def print_matrix(a):\n",
        "    for i in range(len(a)):\n",
        "        print(a[i])\n",
        "\n",
        "def svd(A):\n",
        "    AtA = np.dot(A.T, A)\n",
        "    eigenvalues, V = np.linalg.eig(AtA)\n",
        "\n",
        "    singular_values = np.sqrt(eigenvalues)\n",
        "    singular_vectors = V\n",
        "\n",
        "    # U = A * V * S^-1\n",
        "    left_singular_vectors = A.dot(singular_vectors) / singular_values\n",
        "    # V\n",
        "    right_singular_vectors = singular_vectors\n",
        "\n",
        "    n = len(singular_values)\n",
        "    S = np.zeros((n, n))\n",
        "\n",
        "    for i in range(n):\n",
        "        S[i, i] = singular_values[i]\n",
        "\n",
        "    return left_singular_vectors, S, right_singular_vectors.T\n",
        "\n",
        "\n",
        "def ordinary_matrix_mul(matrix1, matrix2):\n",
        "    rows_matrix1 = len(matrix1)\n",
        "    cols_matrix1 = len(matrix1[0])\n",
        "    cols_matrix2 = len(matrix2[0])\n",
        "    rows_matrix2 = len(matrix2)\n",
        "\n",
        "    if rows_matrix1 != cols_matrix2:\n",
        "        return f'Ошибка: Не удается умножить матрицы, т.к. несовместимые размеры {rows_matrix1}x{cols_matrix1} и {rows_matrix2}x{cols_matrix2}'\n",
        "    else:\n",
        "        res = []\n",
        "        for i in range(0, rows_matrix1):\n",
        "            tmp = []\n",
        "            for j in range(0, cols_matrix2):\n",
        "                el = 0\n",
        "                for k in range(cols_matrix1):\n",
        "                    el += matrix1[i][k] * matrix2[k][j]\n",
        "                tmp.append(el)\n",
        "            res.append(tmp)\n",
        "        return np.array(res)\n",
        "\n",
        "\n",
        "\n",
        "A = generate_matrix(left=1, right=10, n=3, m=3)\n",
        "U, S, V_T = svd(A)\n",
        "check_classic = ordinary_matrix_mul(ordinary_matrix_mul(U, S), V_T)\n",
        "\n",
        "U_np, singular_values_np, V_T_np = np.linalg.svd(A)\n",
        "ns = len(singular_values_np)\n",
        "s = [[0] * ns for _ in range(ns)]\n",
        "for i in range(ns):\n",
        "    s[i][i] = singular_values_np[i]\n",
        "\n",
        "print('Original matrix A:')\n",
        "print(A)\n",
        "\n",
        "print('\\nU matrix:')\n",
        "print(U)\n",
        "print('\\nU matrix from numpy SVG:')\n",
        "print(U_np)\n",
        "\n",
        "print('\\nSigma matrix:')\n",
        "print(S)\n",
        "print('\\nSigma matrix from numpy SVG:')\n",
        "print(S)\n",
        "\n",
        "print('\\nV_T matrix:')\n",
        "print(V_T)\n",
        "print('\\nV_T matrix from numpy SVG:')\n",
        "print(V_T_np)\n",
        "\n",
        "\n",
        "print('\\nCheck classy mul matrix A = USV_T:')\n",
        "print(check_classic)\n",
        "print('\\nCheck numpy A = USV_T')\n",
        "print(U @ S @ V_T)\n",
        "\n",
        "print(f'\\ncheck that U ortogonal')\n",
        "I_n = U.T @ U\n",
        "print_matrix(I_n)\n",
        "\n",
        "print('check that V ortogonal')\n",
        "\n",
        "I_m = V_T @ V_T.T\n",
        "print_matrix(I_m)"
      ],
      "metadata": {
        "colab": {
          "base_uri": "https://localhost:8080/"
        },
        "id": "2DCuUB7wEDyT",
        "outputId": "578719a2-f2dc-4840-dca4-a20d9683d113"
      },
      "execution_count": 24,
      "outputs": [
        {
          "output_type": "stream",
          "name": "stdout",
          "text": [
            "Original matrix A:\n",
            "[[9.95051791 6.88333031 1.89379859]\n",
            " [1.83952968 9.84753223 2.54786148]\n",
            " [8.63528218 1.45508404 5.92448686]]\n",
            "\n",
            "U matrix:\n",
            "[[-0.7012773  -0.05761986 -0.71055619]\n",
            " [-0.47284725  0.78351555  0.40313629]\n",
            " [-0.53350317 -0.61869487  0.57670706]]\n",
            "\n",
            "U matrix from numpy SVG:\n",
            "[[-0.7012773   0.05761986 -0.71055619]\n",
            " [-0.47284725 -0.78351555  0.40313629]\n",
            " [-0.53350317  0.61869487  0.57670706]]\n",
            "\n",
            "Sigma matrix:\n",
            "[[17.11148771  0.          0.        ]\n",
            " [ 0.          8.02409557  0.        ]\n",
            " [ 0.          0.          3.38003931]]\n",
            "\n",
            "Sigma matrix from numpy SVG:\n",
            "[[17.11148771  0.          0.        ]\n",
            " [ 0.          8.02409557  0.        ]\n",
            " [ 0.          0.          3.38003931]]\n",
            "\n",
            "V_T matrix:\n",
            "[[-0.7278642  -0.59958514 -0.33273318]\n",
            " [-0.55765189  0.79994375 -0.22161762]\n",
            " [-0.39904646 -0.02424176  0.9166102 ]]\n",
            "\n",
            "V_T matrix from numpy SVG:\n",
            "[[-0.7278642  -0.59958514 -0.33273318]\n",
            " [ 0.55765189 -0.79994375  0.22161762]\n",
            " [-0.39904646 -0.02424176  0.9166102 ]]\n",
            "\n",
            "Check classy mul matrix A = USV_T:\n",
            "[[9.95051791 6.88333031 1.89379859]\n",
            " [1.83952968 9.84753223 2.54786148]\n",
            " [8.63528218 1.45508404 5.92448686]]\n",
            "\n",
            "Check numpy A = USV_T\n",
            "[[9.95051791 6.88333031 1.89379859]\n",
            " [1.83952968 9.84753223 2.54786148]\n",
            " [8.63528218 1.45508404 5.92448686]]\n",
            "\n",
            "check that U ortogonal\n",
            "[ 1.00000000e+00  1.99310768e-17 -7.34784208e-16]\n",
            "[1.99310768e-17 1.00000000e+00 9.83053066e-16]\n",
            "[-7.34784208e-16  9.83053066e-16  1.00000000e+00]\n",
            "check that V ortogonal\n",
            "[ 1.00000000e+00  3.60822483e-16 -1.11022302e-16]\n",
            "[3.60822483e-16 1.00000000e+00 3.05311332e-16]\n",
            "[-1.11022302e-16  3.05311332e-16  1.00000000e+00]\n"
          ]
        }
      ]
    }
  ]
}