table for f(x):
1.0; 3.3300000000000001
1.5; 2.2999999999999998
2.0; 1.6000000000000001
2.5; 1.2700000000000000
3.0; 1.1799999999999999
3.5; 0.9900000000000000
4.0; 1.4099999999999999
4.5; 0.8000000000000000
5.0; 1.1200000000000001
a: [3.330000 2.300000 1.600000 1.270000 1.180000 0.990000 1.410000 0.800000 ]
b: [-2.196596 -1.786808 -1.036173 -0.248501 -0.489821 0.527787 -0.241327 -0.702478 ]
c: [0.000000 0.819577 0.681694 0.893649 -1.376289 3.411506 -4.949735 4.027434 ]
d: [0.546384 -0.091922 0.141303 -1.513292 3.191863 -5.574161 5.984779 -2.684956 ]

interpolation nodes:
x: 1.0, y: 3.3300000000000001, y*: 3.3300000000000001, |y-y*|: 0.0000000000000000
x: 1.5, y: 2.2999999999999998, y*: 2.2999999999999998, |y-y*|: 0.0000000000000000
x: 2.0, y: 1.6000000000000001, y*: 1.6000000000000001, |y-y*|: 0.0000000000000000
x: 2.5, y: 1.2700000000000000, y*: 1.2700000000000000, |y-y*|: 0.0000000000000000
x: 3.0, y: 1.1799999999999999, y*: 1.1799999999999999, |y-y*|: 0.0000000000000000
x: 3.5, y: 0.9900000000000000, y*: 0.9900000000000000, |y-y*|: 0.0000000000000000
x: 4.0, y: 1.4099999999999999, y*: 1.4099999999999999, |y-y*|: 0.0000000000000000
x: 4.5, y: 0.8000000000000000, y*: 0.8000000000000000, |y-y*|: 0.0000000000000000

in the middles of interpolation nodes:
x: 1.25, y*: 2.7893882317746685
x: 1.75, y*: 1.9030853046759939
x: 2.25, y*: 1.3857705495213550
x: 2.75, y*: 1.2400824972385862
x: 3.25, y*: 1.0213994615243005
x: 3.75, y*: 1.2480696566642120
x: 4.25, y*: 1.1338219118188511
x: 4.75, y*: 0.8341426960603830
